xof 0303txt 0032
template Frame {
 <3d82ab46-62da-11cf-ab39-0020af71e433>
 [...]
}

template Matrix4x4 {
 <f6f23f45-7686-11cf-8f52-0040333594a3>
 array FLOAT matrix[16];
}

template FrameTransformMatrix {
 <f6f23f41-7686-11cf-8f52-0040333594a3>
 Matrix4x4 frameMatrix;
}

template Vector {
 <3d82ab5e-62da-11cf-ab39-0020af71e433>
 FLOAT x;
 FLOAT y;
 FLOAT z;
}

template MeshFace {
 <3d82ab5f-62da-11cf-ab39-0020af71e433>
 DWORD nFaceVertexIndices;
 array DWORD faceVertexIndices[nFaceVertexIndices];
}

template Mesh {
 <3d82ab44-62da-11cf-ab39-0020af71e433>
 DWORD nVertices;
 array Vector vertices[nVertices];
 DWORD nFaces;
 array MeshFace faces[nFaces];
 [...]
}

template MeshNormals {
 <f6f23f43-7686-11cf-8f52-0040333594a3>
 DWORD nNormals;
 array Vector normals[nNormals];
 DWORD nFaceNormals;
 array MeshFace faceNormals[nFaceNormals];
}

template ColorRGBA {
 <35ff44e0-6c7c-11cf-8f52-0040333594a3>
 FLOAT red;
 FLOAT green;
 FLOAT blue;
 FLOAT alpha;
}

template ColorRGB {
 <d3e16e81-7835-11cf-8f52-0040333594a3>
 FLOAT red;
 FLOAT green;
 FLOAT blue;
}

template Material {
 <3d82ab4d-62da-11cf-ab39-0020af71e433>
 ColorRGBA faceColor;
 FLOAT power;
 ColorRGB specularColor;
 ColorRGB emissiveColor;
 [...]
}

template MeshMaterialList {
 <f6f23f42-7686-11cf-8f52-0040333594a3>
 DWORD nMaterials;
 DWORD nFaceIndexes;
 array DWORD faceIndexes[nFaceIndexes];
 [Material <3d82ab4d-62da-11cf-ab39-0020af71e433>]
}

template TextureFilename {
 <a42790e1-7810-11cf-8f52-0040333594a3>
 STRING filename;
}

template Coords2d {
 <f6f23f44-7686-11cf-8f52-0040333594a3>
 FLOAT u;
 FLOAT v;
}

template MeshTextureCoords {
 <f6f23f40-7686-11cf-8f52-0040333594a3>
 DWORD nTextureCoords;
 array Coords2d textureCoords[nTextureCoords];
}

template Animation {
 <3d82ab4f-62da-11cf-ab39-0020af71e433>
 [...]
}

template AnimationSet {
 <3d82ab50-62da-11cf-ab39-0020af71e433>
 [Animation <3d82ab4f-62da-11cf-ab39-0020af71e433>]
}

template FloatKeys {
 <10dd46a9-775b-11cf-8f52-0040333594a3>
 DWORD nValues;
 array FLOAT values[nValues];
}

template TimedFloatKeys {
 <f406b180-7b3b-11cf-8f52-0040333594a3>
 DWORD time;
 FloatKeys tfkeys;
}

template AnimationKey {
 <10dd46a8-775b-11cf-8f52-0040333594a3>
 DWORD keyType;
 DWORD nKeys;
 array TimedFloatKeys keys[nKeys];
}


Frame Foliage12 {
 

 FrameTransformMatrix {
  1.000000,0.000000,0.000000,0.000000,0.000000,0.997923,-0.064422,0.000000,0.000000,0.064422,0.997923,0.000000,-20.982000,205.126999,-27.239853,1.000000;;
 }
}

Frame Helper1 {
 

 FrameTransformMatrix {
  1.000000,0.000000,0.000000,0.000000,0.000000,1.000000,0.000000,0.000000,0.000000,0.000000,1.000000,0.000000,-2.709910,1.789380,-13.811600,1.000000;;
 }
}

Frame Barrens_TreeDoodad11 {
 

 FrameTransformMatrix {
  1.000000,0.000000,0.000000,0.000000,0.000000,1.000000,0.000000,0.000000,0.000000,0.000000,1.000000,0.000000,0.000000,0.000000,-13.997665,1.000000;;
 }

 Mesh  {
  50;
  3.365730;155.921005;6.246730;,
  -1.631610;150.729004;-2.217610;,
  42.204102;202.761002;-14.465000;,
  14.710400;148.434006;6.300830;,
  42.204102;202.761002;-14.465000;,
  19.607201;58.295799;-4.482430;,
  -8.762550;58.295799;7.085130;,
  -2.846580;150.608994;18.592501;,
  14.710400;148.434006;6.300830;,
  -7.940870;58.499001;-23.853500;,
  -1.631610;150.729004;-2.217610;,
  -10.205400;-0.466560;-33.906502;,
  16.682501;-0.466560;-24.826700;,
  37.806400;-0.466560;6.108040;,
  8.738160;-0.466560;25.206100;,
  -20.879801;-0.466560;26.256300;,
  -29.390600;-0.466560;-9.610440;,
  -10.205400;-0.466560;-33.906502;,
  -7.940870;58.499001;-23.853500;,
  -8.762550;58.295799;7.085130;,
  -1.631610;150.729004;-2.217610;,
  -2.846580;150.608994;18.592501;,
  -20.879801;-0.466560;26.256300;,
  -20.982000;218.248993;-13.242000;,
  11.823800;205.126007;-48.016300;,
  11.823800;205.126007;21.531900;,
  -53.787800;205.126007;21.531900;,
  -53.787800;205.126007;-48.016300;,
  8.809040;200.048996;42.733101;,
  34.186001;189.897995;15.833400;,
  34.186001;189.897995;69.632500;,
  -16.567801;189.897995;69.632500;,
  -16.567801;189.897995;15.833400;,
  42.334202;212.725998;-13.982000;,
  -5.094110;193.755005;36.291901;,
  -5.094110;193.755005;-64.256203;,
  89.762703;193.755005;-64.256203;,
  89.762703;193.755005;36.291901;,
  3.365730;155.921005;6.246730;,
  -2.846580;150.608994;18.592501;,
  -20.802601;214.494003;-12.955800;,
  -1.631610;150.729004;-2.217610;,
  -20.802601;214.494003;-12.955800;,
  -20.802601;214.494003;-12.955800;,
  14.710400;148.434006;6.300830;,
  -2.846580;150.608994;18.592501;,
  8.958350;195.628006;41.818501;,
  3.365730;155.921005;6.246730;,
  8.958350;195.628006;41.818501;,
  8.958350;195.628006;41.818501;;
  36;
  3;0,2,1;,
  3;3,4,0;,
  3;1,4,3;,
  3;5,7,6;,
  3;5,8,7;,
  3;9,8,5;,
  3;9,10,8;,
  3;9,12,11;,
  3;9,5,12;,
  3;12,5,13;,
  3;13,5,14;,
  3;5,6,14;,
  3;14,6,15;,
  3;16,18,17;,
  3;19,18,16;,
  3;19,20,18;,
  3;19,21,20;,
  3;22,19,16;,
  3;23,25,24;,
  3;23,26,25;,
  3;23,27,26;,
  3;23,24,27;,
  3;28,30,29;,
  3;28,31,30;,
  3;28,32,31;,
  3;28,29,32;,
  3;33,35,34;,
  3;33,36,35;,
  3;33,37,36;,
  3;33,34,37;,
  3;38,40,39;,
  3;39,42,41;,
  3;41,43,38;,
  3;44,46,45;,
  3;45,48,47;,
  3;47,49,44;;

  MeshNormals  {
   50;
   -0.479017;0.655398;0.583949;,
   -0.758174;0.650225;0.048779;,
   -0.389333;0.112827;-0.914161;,
   0.895621;-0.444184;0.023730;,
   0.870182;-0.481085;-0.106492;,
   0.955325;0.292876;0.039715;,
   0.526822;-0.083299;0.845884;,
   0.330513;0.136648;0.933857;,
   0.996526;0.082184;0.013442;,
   0.526021;0.182543;-0.830650;,
   0.474178;0.170203;-0.863821;,
   0.595665;0.174664;-0.784013;,
   0.316436;0.147606;-0.937059;,
   0.919509;0.324703;0.221522;,
   0.287954;0.324249;0.901080;,
   0.033762;0.303684;0.952174;,
   -0.953913;0.245131;-0.173092;,
   -0.972185;0.200558;-0.120969;,
   -0.777681;0.134562;-0.614089;,
   -0.978763;0.204522;0.013902;,
   -0.996081;0.071623;-0.051883;,
   -0.995803;0.071013;-0.057729;,
   -0.937924;0.266017;0.222560;,
   0.000000;1.000000;0.000002;,
   0.185757;0.964312;0.188669;,
   0.185755;0.964313;-0.188669;,
   -0.185757;0.964312;0.188669;,
   -0.185755;0.964313;-0.188668;,
   -0.000001;1.000000;0.000002;,
   0.185751;0.964314;0.188664;,
   0.185750;0.964315;-0.188663;,
   -0.185752;0.964314;0.188665;,
   -0.185750;0.964315;-0.188664;,
   -0.000001;1.000000;0.000001;,
   -0.185744;0.964317;-0.188657;,
   -0.185744;0.964317;0.188657;,
   0.185743;0.964318;-0.188656;,
   0.185744;0.964317;0.188657;,
   0.915117;0.398240;0.062973;,
   0.693331;0.466223;0.549481;,
   -0.653306;0.179582;0.735487;,
   -0.953372;-0.296293;-0.057370;,
   -0.490005;-0.285995;-0.823469;,
   0.809391;0.147621;-0.568414;,
   0.995138;0.088012;0.044216;,
   0.454414;-0.499633;0.737478;,
   -0.540744;-0.269339;0.796901;,
   -0.882366;0.376799;-0.281875;,
   -0.180484;0.670281;-0.719826;,
   0.388693;0.583816;-0.712795;;
   36;
   3;0,1,2;,
   3;3,4,0;,
   3;2,4,3;,
   3;5,6,7;,
   3;5,8,6;,
   3;9,8,5;,
   3;9,10,8;,
   3;9,11,12;,
   3;9,5,11;,
   3;11,5,13;,
   3;13,5,14;,
   3;5,7,14;,
   3;14,7,15;,
   3;16,17,18;,
   3;19,17,16;,
   3;19,20,17;,
   3;19,21,20;,
   3;22,19,16;,
   3;23,24,25;,
   3;23,26,24;,
   3;23,27,26;,
   3;23,25,27;,
   3;28,29,30;,
   3;28,31,29;,
   3;28,32,31;,
   3;28,30,32;,
   3;33,34,35;,
   3;33,36,34;,
   3;33,37,36;,
   3;33,35,37;,
   3;38,39,40;,
   3;40,41,42;,
   3;42,43,38;,
   3;44,45,46;,
   3;46,47,48;,
   3;48,49,44;;
  }

  MeshMaterialList  {
   1;
   36;
   0,
   0,
   0,
   0,
   0,
   0,
   0,
   0,
   0,
   0,
   0,
   0,
   0,
   0,
   0,
   0,
   0,
   0,
   0,
   0,
   0,
   0,
   0,
   0,
   0,
   0,
   0,
   0,
   0,
   0,
   0,
   0,
   0,
   0,
   0,
   0;

   Material Material__36_01_-_DefaultSub0 {
    1.000000;1.000000;1.000000;1.000000;;
    3.200000;
    0.000000;0.000000;0.000000;;
    0.000000;0.000000;0.000000;;

    TextureFilename {
     "BarrensTree.bmp";
    }
   }
  }

  MeshTextureCoords  {
   50;
   0.662435;0.077826;,
   0.562992;0.009647;,
   0.559900;0.246259;,
   0.701180;0.016848;,
   0.699989;0.245688;,
   0.578575;0.247561;,
   0.652783;0.247561;,
   0.652783;0.001478;,
   0.578575;0.001478;,
   0.502090;0.247561;,
   0.502090;0.001478;,
   0.502090;0.493645;,
   0.528780;0.493645;,
   0.578575;0.493645;,
   0.620746;0.493645;,
   0.652783;0.493645;,
   0.705275;0.490632;,
   0.742188;0.490632;,
   0.742188;0.246447;,
   0.645511;0.246447;,
   0.742188;0.002262;,
   0.645511;0.002262;,
   0.645511;0.490632;,
   0.251208;0.746377;,
   0.003295;0.994290;,
   0.499121;0.994290;,
   0.499121;0.498464;,
   0.003295;0.498464;,
   0.251208;0.746377;,
   0.003295;0.994290;,
   0.499121;0.994290;,
   0.499121;0.498464;,
   0.003295;0.498464;,
   0.251208;0.746377;,
   0.499121;0.498464;,
   0.003295;0.498464;,
   0.003295;0.994290;,
   0.499121;0.994290;,
   0.614554;0.014496;,
   0.710251;0.016782;,
   0.709665;0.377774;,
   0.520917;0.016192;,
   0.521229;0.381095;,
   0.614276;0.379623;,
   0.576832;0.016081;,
   0.689972;0.017038;,
   0.714588;0.248820;,
   0.631522;0.015042;,
   0.633054;0.249155;,
   0.546029;0.248696;;
  }
 }
}

AnimationSet Anim-1 {
 

 Animation Anim-Foliage12 {
  
  { Foliage12 }

  AnimationKey {
   4;
   101;
   0;16;1.000000,0.000000,0.000000,0.000000,0.000000,0.997923,-0.064422,0.000000,0.000000,0.064422,0.997923,0.000000,-20.982000,205.126999,-27.239853,1.000000;;,
   160;16;1.000000,0.000000,0.000000,0.000000,0.000000,0.997923,-0.064422,0.000000,0.000000,0.064422,0.997923,0.000000,-20.982000,205.126999,-27.239853,1.000000;;,
   320;16;1.000000,0.000000,0.000000,0.000000,0.000000,0.997923,-0.064422,0.000000,0.000000,0.064422,0.997923,0.000000,-20.982000,205.126999,-27.239853,1.000000;;,
   480;16;1.000000,0.000000,0.000000,0.000000,0.000000,0.997923,-0.064422,0.000000,0.000000,0.064422,0.997923,0.000000,-20.982000,205.126999,-27.239853,1.000000;;,
   640;16;1.000000,0.000000,0.000000,0.000000,0.000000,0.997923,-0.064422,0.000000,0.000000,0.064422,0.997923,0.000000,-20.982000,205.126999,-27.239853,1.000000;;,
   800;16;1.000000,0.000000,0.000000,0.000000,0.000000,0.997923,-0.064422,0.000000,0.000000,0.064422,0.997923,0.000000,-20.982000,205.126999,-27.239853,1.000000;;,
   960;16;1.000000,0.000000,0.000000,0.000000,0.000000,0.997923,-0.064422,0.000000,0.000000,0.064422,0.997923,0.000000,-20.982000,205.126999,-27.239853,1.000000;;,
   1120;16;1.000000,0.000000,0.000000,0.000000,0.000000,0.997923,-0.064422,0.000000,0.000000,0.064422,0.997923,0.000000,-20.982000,205.126999,-27.239853,1.000000;;,
   1280;16;1.000000,0.000000,0.000000,0.000000,0.000000,0.997923,-0.064422,0.000000,0.000000,0.064422,0.997923,0.000000,-20.982000,205.126999,-27.239853,1.000000;;,
   1440;16;1.000000,0.000000,0.000000,0.000000,0.000000,0.997923,-0.064422,0.000000,0.000000,0.064422,0.997923,0.000000,-20.982000,205.126999,-27.239853,1.000000;;,
   1600;16;1.000000,0.000000,0.000000,0.000000,0.000000,0.997923,-0.064422,0.000000,0.000000,0.064422,0.997923,0.000000,-20.982000,205.126999,-27.239853,1.000000;;,
   1760;16;1.000000,0.000000,0.000000,0.000000,0.000000,0.997923,-0.064422,0.000000,0.000000,0.064422,0.997923,0.000000,-20.982000,205.126999,-27.239853,1.000000;;,
   1920;16;1.000000,0.000000,0.000000,0.000000,0.000000,0.997923,-0.064422,0.000000,0.000000,0.064422,0.997923,0.000000,-20.982000,205.126999,-27.239853,1.000000;;,
   2080;16;1.000000,0.000000,0.000000,0.000000,0.000000,0.997923,-0.064422,0.000000,0.000000,0.064422,0.997923,0.000000,-20.982000,205.126999,-27.239853,1.000000;;,
   2240;16;1.000000,0.000000,0.000000,0.000000,0.000000,0.997923,-0.064422,0.000000,0.000000,0.064422,0.997923,0.000000,-20.982000,205.126999,-27.239853,1.000000;;,
   2400;16;1.000000,0.000000,0.000000,0.000000,0.000000,0.997923,-0.064422,0.000000,0.000000,0.064422,0.997923,0.000000,-20.982000,205.126999,-27.239853,1.000000;;,
   2560;16;1.000000,0.000000,0.000000,0.000000,0.000000,0.997923,-0.064422,0.000000,0.000000,0.064422,0.997923,0.000000,-20.982000,205.126999,-27.239853,1.000000;;,
   2720;16;1.000000,0.000000,0.000000,0.000000,0.000000,0.997923,-0.064422,0.000000,0.000000,0.064422,0.997923,0.000000,-20.982000,205.126999,-27.239853,1.000000;;,
   2880;16;1.000000,0.000000,0.000000,0.000000,0.000000,0.997923,-0.064422,0.000000,0.000000,0.064422,0.997923,0.000000,-20.982000,205.126999,-27.239853,1.000000;;,
   3040;16;1.000000,0.000000,0.000000,0.000000,0.000000,0.997923,-0.064422,0.000000,0.000000,0.064422,0.997923,0.000000,-20.982000,205.126999,-27.239853,1.000000;;,
   3200;16;1.000000,0.000000,0.000000,0.000000,0.000000,0.997923,-0.064422,0.000000,0.000000,0.064422,0.997923,0.000000,-20.982000,205.126999,-27.239853,1.000000;;,
   3360;16;1.000000,0.000000,0.000000,0.000000,0.000000,0.997923,-0.064422,0.000000,0.000000,0.064422,0.997923,0.000000,-20.982000,205.126999,-27.239853,1.000000;;,
   3520;16;1.000000,0.000000,0.000000,0.000000,0.000000,0.997923,-0.064422,0.000000,0.000000,0.064422,0.997923,0.000000,-20.982000,205.126999,-27.239853,1.000000;;,
   3680;16;1.000000,0.000000,0.000000,0.000000,0.000000,0.997923,-0.064422,0.000000,0.000000,0.064422,0.997923,0.000000,-20.982000,205.126999,-27.239853,1.000000;;,
   3840;16;1.000000,0.000000,0.000000,0.000000,0.000000,0.997923,-0.064422,0.000000,0.000000,0.064422,0.997923,0.000000,-20.982000,205.126999,-27.239853,1.000000;;,
   4000;16;1.000000,0.000000,0.000000,0.000000,0.000000,0.997923,-0.064422,0.000000,0.000000,0.064422,0.997923,0.000000,-20.982000,205.126999,-27.239853,1.000000;;,
   4160;16;1.000000,0.000000,0.000000,0.000000,0.000000,0.997923,-0.064422,0.000000,0.000000,0.064422,0.997923,0.000000,-20.982000,205.126999,-27.239853,1.000000;;,
   4320;16;1.000000,0.000000,0.000000,0.000000,0.000000,0.997923,-0.064422,0.000000,0.000000,0.064422,0.997923,0.000000,-20.982000,205.126999,-27.239853,1.000000;;,
   4480;16;1.000000,0.000000,0.000000,0.000000,0.000000,0.997923,-0.064422,0.000000,0.000000,0.064422,0.997923,0.000000,-20.982000,205.126999,-27.239853,1.000000;;,
   4640;16;1.000000,0.000000,0.000000,0.000000,0.000000,0.997923,-0.064422,0.000000,0.000000,0.064422,0.997923,0.000000,-20.982000,205.126999,-27.239853,1.000000;;,
   4800;16;1.000000,0.000000,0.000000,0.000000,0.000000,0.997923,-0.064422,0.000000,0.000000,0.064422,0.997923,0.000000,-20.982000,205.126999,-27.239853,1.000000;;,
   4960;16;1.000000,0.000000,0.000000,0.000000,0.000000,0.997923,-0.064422,0.000000,0.000000,0.064422,0.997923,0.000000,-20.982000,205.126999,-27.239853,1.000000;;,
   5120;16;1.000000,0.000000,0.000000,0.000000,0.000000,0.997923,-0.064422,0.000000,0.000000,0.064422,0.997923,0.000000,-20.982000,205.126999,-27.239853,1.000000;;,
   5280;16;1.000000,0.000000,0.000000,0.000000,0.000000,0.997923,-0.064422,0.000000,0.000000,0.064422,0.997923,0.000000,-20.982000,205.126999,-27.239853,1.000000;;,
   5440;16;1.000000,0.000000,0.000000,0.000000,0.000000,0.997923,-0.064422,0.000000,0.000000,0.064422,0.997923,0.000000,-20.982000,205.126999,-27.239853,1.000000;;,
   5600;16;1.000000,0.000000,0.000000,0.000000,0.000000,0.997923,-0.064422,0.000000,0.000000,0.064422,0.997923,0.000000,-20.982000,205.126999,-27.239853,1.000000;;,
   5760;16;1.000000,0.000000,0.000000,0.000000,0.000000,0.997923,-0.064422,0.000000,0.000000,0.064422,0.997923,0.000000,-20.982000,205.126999,-27.239853,1.000000;;,
   5920;16;1.000000,0.000000,0.000000,0.000000,0.000000,0.997923,-0.064422,0.000000,0.000000,0.064422,0.997923,0.000000,-20.982000,205.126999,-27.239853,1.000000;;,
   6080;16;1.000000,0.000000,0.000000,0.000000,0.000000,0.997923,-0.064422,0.000000,0.000000,0.064422,0.997923,0.000000,-20.982000,205.126999,-27.239853,1.000000;;,
   6240;16;1.000000,0.000000,0.000000,0.000000,0.000000,0.997923,-0.064422,0.000000,0.000000,0.064422,0.997923,0.000000,-20.982000,205.126999,-27.239853,1.000000;;,
   6400;16;1.000000,0.000000,0.000000,0.000000,0.000000,0.997923,-0.064422,0.000000,0.000000,0.064422,0.997923,0.000000,-20.982000,205.126999,-27.239853,1.000000;;,
   6560;16;1.000000,0.000000,0.000000,0.000000,0.000000,0.997923,-0.064422,0.000000,0.000000,0.064422,0.997923,0.000000,-20.982000,205.126999,-27.239853,1.000000;;,
   6720;16;1.000000,0.000000,0.000000,0.000000,0.000000,0.997923,-0.064422,0.000000,0.000000,0.064422,0.997923,0.000000,-20.982000,205.126999,-27.239853,1.000000;;,
   6880;16;1.000000,0.000000,0.000000,0.000000,0.000000,0.997923,-0.064422,0.000000,0.000000,0.064422,0.997923,0.000000,-20.982000,205.126999,-27.239853,1.000000;;,
   7040;16;1.000000,0.000000,0.000000,0.000000,0.000000,0.997923,-0.064422,0.000000,0.000000,0.064422,0.997923,0.000000,-20.982000,205.126999,-27.239853,1.000000;;,
   7200;16;1.000000,0.000000,0.000000,0.000000,0.000000,0.997923,-0.064422,0.000000,0.000000,0.064422,0.997923,0.000000,-20.982000,205.126999,-27.239853,1.000000;;,
   7360;16;1.000000,0.000000,0.000000,0.000000,0.000000,0.997923,-0.064422,0.000000,0.000000,0.064422,0.997923,0.000000,-20.982000,205.126999,-27.239853,1.000000;;,
   7520;16;1.000000,0.000000,0.000000,0.000000,0.000000,0.997923,-0.064422,0.000000,0.000000,0.064422,0.997923,0.000000,-20.982000,205.126999,-27.239853,1.000000;;,
   7680;16;1.000000,0.000000,0.000000,0.000000,0.000000,0.997923,-0.064422,0.000000,0.000000,0.064422,0.997923,0.000000,-20.982000,205.126999,-27.239853,1.000000;;,
   7840;16;1.000000,0.000000,0.000000,0.000000,0.000000,0.997923,-0.064422,0.000000,0.000000,0.064422,0.997923,0.000000,-20.982000,205.126999,-27.239853,1.000000;;,
   8000;16;1.000000,0.000000,0.000000,0.000000,0.000000,0.997923,-0.064422,0.000000,0.000000,0.064422,0.997923,0.000000,-20.982000,205.126999,-27.239853,1.000000;;,
   8160;16;1.000000,0.000000,0.000000,0.000000,0.000000,0.997923,-0.064422,0.000000,0.000000,0.064422,0.997923,0.000000,-20.982000,205.126999,-27.239853,1.000000;;,
   8320;16;1.000000,0.000000,0.000000,0.000000,0.000000,0.997923,-0.064422,0.000000,0.000000,0.064422,0.997923,0.000000,-20.982000,205.126999,-27.239853,1.000000;;,
   8480;16;1.000000,0.000000,0.000000,0.000000,0.000000,0.997923,-0.064422,0.000000,0.000000,0.064422,0.997923,0.000000,-20.982000,205.126999,-27.239853,1.000000;;,
   8640;16;1.000000,0.000000,0.000000,0.000000,0.000000,0.997923,-0.064422,0.000000,0.000000,0.064422,0.997923,0.000000,-20.982000,205.126999,-27.239853,1.000000;;,
   8800;16;1.000000,0.000000,0.000000,0.000000,0.000000,0.997923,-0.064422,0.000000,0.000000,0.064422,0.997923,0.000000,-20.982000,205.126999,-27.239853,1.000000;;,
   8960;16;1.000000,0.000000,0.000000,0.000000,0.000000,0.997923,-0.064422,0.000000,0.000000,0.064422,0.997923,0.000000,-20.982000,205.126999,-27.239853,1.000000;;,
   9120;16;1.000000,0.000000,0.000000,0.000000,0.000000,0.997923,-0.064422,0.000000,0.000000,0.064422,0.997923,0.000000,-20.982000,205.126999,-27.239853,1.000000;;,
   9280;16;1.000000,0.000000,0.000000,0.000000,0.000000,0.997923,-0.064422,0.000000,0.000000,0.064422,0.997923,0.000000,-20.982000,205.126999,-27.239853,1.000000;;,
   9440;16;1.000000,0.000000,0.000000,0.000000,0.000000,0.997923,-0.064422,0.000000,0.000000,0.064422,0.997923,0.000000,-20.982000,205.126999,-27.239853,1.000000;;,
   9600;16;1.000000,0.000000,0.000000,0.000000,0.000000,0.997923,-0.064422,0.000000,0.000000,0.064422,0.997923,0.000000,-20.982000,205.126999,-27.239853,1.000000;;,
   9760;16;1.000000,0.000000,0.000000,0.000000,0.000000,0.997923,-0.064422,0.000000,0.000000,0.064422,0.997923,0.000000,-20.982000,205.126999,-27.239853,1.000000;;,
   9920;16;1.000000,0.000000,0.000000,0.000000,0.000000,0.997923,-0.064422,0.000000,0.000000,0.064422,0.997923,0.000000,-20.982000,205.126999,-27.239853,1.000000;;,
   10080;16;1.000000,0.000000,0.000000,0.000000,0.000000,0.997923,-0.064422,0.000000,0.000000,0.064422,0.997923,0.000000,-20.982000,205.126999,-27.239853,1.000000;;,
   10240;16;1.000000,0.000000,0.000000,0.000000,0.000000,0.997923,-0.064422,0.000000,0.000000,0.064422,0.997923,0.000000,-20.982000,205.126999,-27.239853,1.000000;;,
   10400;16;1.000000,0.000000,0.000000,0.000000,0.000000,0.997923,-0.064422,0.000000,0.000000,0.064422,0.997923,0.000000,-20.982000,205.126999,-27.239853,1.000000;;,
   10560;16;1.000000,0.000000,0.000000,0.000000,0.000000,0.997923,-0.064422,0.000000,0.000000,0.064422,0.997923,0.000000,-20.982000,205.126999,-27.239853,1.000000;;,
   10720;16;1.000000,0.000000,0.000000,0.000000,0.000000,0.997923,-0.064422,0.000000,0.000000,0.064422,0.997923,0.000000,-20.982000,205.126999,-27.239853,1.000000;;,
   10880;16;1.000000,0.000000,0.000000,0.000000,0.000000,0.997923,-0.064422,0.000000,0.000000,0.064422,0.997923,0.000000,-20.982000,205.126999,-27.239853,1.000000;;,
   11040;16;1.000000,0.000000,0.000000,0.000000,0.000000,0.997923,-0.064422,0.000000,0.000000,0.064422,0.997923,0.000000,-20.982000,205.126999,-27.239853,1.000000;;,
   11200;16;1.000000,0.000000,0.000000,0.000000,0.000000,0.997923,-0.064422,0.000000,0.000000,0.064422,0.997923,0.000000,-20.982000,205.126999,-27.239853,1.000000;;,
   11360;16;1.000000,0.000000,0.000000,0.000000,0.000000,0.997923,-0.064422,0.000000,0.000000,0.064422,0.997923,0.000000,-20.982000,205.126999,-27.239853,1.000000;;,
   11520;16;1.000000,0.000000,0.000000,0.000000,0.000000,0.997923,-0.064422,0.000000,0.000000,0.064422,0.997923,0.000000,-20.982000,205.126999,-27.239853,1.000000;;,
   11680;16;1.000000,0.000000,0.000000,0.000000,0.000000,0.997923,-0.064422,0.000000,0.000000,0.064422,0.997923,0.000000,-20.982000,205.126999,-27.239853,1.000000;;,
   11840;16;1.000000,0.000000,0.000000,0.000000,0.000000,0.997923,-0.064422,0.000000,0.000000,0.064422,0.997923,0.000000,-20.982000,205.126999,-27.239853,1.000000;;,
   12000;16;1.000000,0.000000,0.000000,0.000000,0.000000,0.997923,-0.064422,0.000000,0.000000,0.064422,0.997923,0.000000,-20.982000,205.126999,-27.239853,1.000000;;,
   12160;16;1.000000,0.000000,0.000000,0.000000,0.000000,0.997923,-0.064422,0.000000,0.000000,0.064422,0.997923,0.000000,-20.982000,205.126999,-27.239853,1.000000;;,
   12320;16;1.000000,0.000000,0.000000,0.000000,0.000000,0.997923,-0.064422,0.000000,0.000000,0.064422,0.997923,0.000000,-20.982000,205.126999,-27.239853,1.000000;;,
   12480;16;1.000000,0.000000,0.000000,0.000000,0.000000,0.997923,-0.064422,0.000000,0.000000,0.064422,0.997923,0.000000,-20.982000,205.126999,-27.239853,1.000000;;,
   12640;16;1.000000,0.000000,0.000000,0.000000,0.000000,0.997923,-0.064422,0.000000,0.000000,0.064422,0.997923,0.000000,-20.982000,205.126999,-27.239853,1.000000;;,
   12800;16;1.000000,0.000000,0.000000,0.000000,0.000000,0.997923,-0.064422,0.000000,0.000000,0.064422,0.997923,0.000000,-20.982000,205.126999,-27.239853,1.000000;;,
   12960;16;1.000000,0.000000,0.000000,0.000000,0.000000,0.997923,-0.064422,0.000000,0.000000,0.064422,0.997923,0.000000,-20.982000,205.126999,-27.239853,1.000000;;,
   13120;16;1.000000,0.000000,0.000000,0.000000,0.000000,0.997923,-0.064422,0.000000,0.000000,0.064422,0.997923,0.000000,-20.982000,205.126999,-27.239853,1.000000;;,
   13280;16;1.000000,0.000000,0.000000,0.000000,0.000000,0.997923,-0.064422,0.000000,0.000000,0.064422,0.997923,0.000000,-20.982000,205.126999,-27.239853,1.000000;;,
   13440;16;1.000000,0.000000,0.000000,0.000000,0.000000,0.997923,-0.064422,0.000000,0.000000,0.064422,0.997923,0.000000,-20.982000,205.126999,-27.239853,1.000000;;,
   13600;16;1.000000,0.000000,0.000000,0.000000,0.000000,0.997923,-0.064422,0.000000,0.000000,0.064422,0.997923,0.000000,-20.982000,205.126999,-27.239853,1.000000;;,
   13760;16;1.000000,0.000000,0.000000,0.000000,0.000000,0.997923,-0.064422,0.000000,0.000000,0.064422,0.997923,0.000000,-20.982000,205.126999,-27.239853,1.000000;;,
   13920;16;1.000000,0.000000,0.000000,0.000000,0.000000,0.997923,-0.064422,0.000000,0.000000,0.064422,0.997923,0.000000,-20.982000,205.126999,-27.239853,1.000000;;,
   14080;16;1.000000,0.000000,0.000000,0.000000,0.000000,0.997923,-0.064422,0.000000,0.000000,0.064422,0.997923,0.000000,-20.982000,205.126999,-27.239853,1.000000;;,
   14240;16;1.000000,0.000000,0.000000,0.000000,0.000000,0.997923,-0.064422,0.000000,0.000000,0.064422,0.997923,0.000000,-20.982000,205.126999,-27.239853,1.000000;;,
   14400;16;1.000000,0.000000,0.000000,0.000000,0.000000,0.997923,-0.064422,0.000000,0.000000,0.064422,0.997923,0.000000,-20.982000,205.126999,-27.239853,1.000000;;,
   14560;16;1.000000,0.000000,0.000000,0.000000,0.000000,0.997923,-0.064422,0.000000,0.000000,0.064422,0.997923,0.000000,-20.982000,205.126999,-27.239853,1.000000;;,
   14720;16;1.000000,0.000000,0.000000,0.000000,0.000000,0.997923,-0.064422,0.000000,0.000000,0.064422,0.997923,0.000000,-20.982000,205.126999,-27.239853,1.000000;;,
   14880;16;1.000000,0.000000,0.000000,0.000000,0.000000,0.997923,-0.064422,0.000000,0.000000,0.064422,0.997923,0.000000,-20.982000,205.126999,-27.239853,1.000000;;,
   15040;16;1.000000,0.000000,0.000000,0.000000,0.000000,0.997923,-0.064422,0.000000,0.000000,0.064422,0.997923,0.000000,-20.982000,205.126999,-27.239853,1.000000;;,
   15200;16;1.000000,0.000000,0.000000,0.000000,0.000000,0.997923,-0.064422,0.000000,0.000000,0.064422,0.997923,0.000000,-20.982000,205.126999,-27.239853,1.000000;;,
   15360;16;1.000000,0.000000,0.000000,0.000000,0.000000,0.997923,-0.064422,0.000000,0.000000,0.064422,0.997923,0.000000,-20.982000,205.126999,-27.239853,1.000000;;,
   15520;16;1.000000,0.000000,0.000000,0.000000,0.000000,0.997923,-0.064422,0.000000,0.000000,0.064422,0.997923,0.000000,-20.982000,205.126999,-27.239853,1.000000;;,
   15680;16;1.000000,0.000000,0.000000,0.000000,0.000000,0.997923,-0.064422,0.000000,0.000000,0.064422,0.997923,0.000000,-20.982000,205.126999,-27.239853,1.000000;;,
   15840;16;1.000000,0.000000,0.000000,0.000000,0.000000,0.997923,-0.064422,0.000000,0.000000,0.064422,0.997923,0.000000,-20.982000,205.126999,-27.239853,1.000000;;,
   16000;16;1.000000,0.000000,0.000000,0.000000,0.000000,0.997923,-0.064422,0.000000,0.000000,0.064422,0.997923,0.000000,-20.982000,205.126999,-27.239853,1.000000;;;
  }
 }

 Animation Anim-Helper1 {
  
  { Helper1 }

  AnimationKey {
   4;
   101;
   0;16;1.000000,0.000000,0.000000,0.000000,0.000000,1.000000,0.000000,0.000000,0.000000,0.000000,1.000000,0.000000,-2.709910,1.789380,-13.811600,1.000000;;,
   160;16;1.000000,-0.000021,0.000000,0.000000,0.000021,1.000000,-0.000027,0.000000,0.000000,0.000027,1.000000,0.000000,-2.710013,1.789199,-13.811462,1.000000;;,
   320;16;1.000000,-0.000081,0.000000,0.000000,0.000081,1.000000,-0.000107,0.000000,0.000000,0.000107,1.000000,0.000000,-2.710316,1.788667,-13.811061,1.000000;;,
   480;16;1.000000,-0.000177,0.000000,0.000000,0.000177,1.000000,-0.000234,0.000000,0.000000,0.000234,1.000000,0.000000,-2.710809,1.787801,-13.810407,1.000000;;,
   640;16;1.000000,-0.000306,0.000000,0.000000,0.000306,1.000000,-0.000405,0.000000,0.000000,0.000405,1.000000,0.000000,-2.711482,1.786619,-13.809513,1.000000;;,
   800;16;1.000000,-0.000464,0.000000,0.000000,0.000464,1.000000,-0.000616,0.000000,0.000000,0.000616,1.000000,0.000000,-2.712325,1.785137,-13.808394,1.000000;;,
   960;16;1.000000,-0.000650,0.000000,0.000000,0.000650,0.999999,-0.000863,0.000000,0.000000,0.000863,1.000000,0.000000,-2.713329,1.783374,-13.807062,1.000000;;,
   1120;16;1.000000,-0.000859,0.000000,0.000000,0.000859,0.999999,-0.001140,0.000000,0.000000,0.001140,0.999999,0.000000,-2.714484,1.781346,-13.805530,1.000000;;,
   1280;16;0.999999,-0.001089,0.000001,0.000000,0.001089,0.999998,-0.001445,0.000000,0.000001,0.001445,0.999999,0.000000,-2.715779,1.779070,-13.803810,1.000000;;,
   1440;16;0.999999,-0.001336,0.000001,0.000000,0.001336,0.999998,-0.001773,0.000000,0.000001,0.001773,0.999998,0.000000,-2.717206,1.776564,-13.801917,1.000000;;,
   1600;16;0.999999,-0.001597,0.000002,0.000000,0.001597,0.999996,-0.002119,0.000000,0.000002,0.002119,0.999998,0.000000,-2.718754,1.773845,-13.799863,1.000000;;,
   1760;16;0.999998,-0.001869,0.000002,0.000000,0.001869,0.999995,-0.002480,0.000000,0.000002,0.002480,0.999997,0.000000,-2.720413,1.770931,-13.797661,1.000000;;,
   1920;16;0.999998,-0.002149,0.000003,0.000000,0.002149,0.999994,-0.002852,0.000000,0.000003,0.002852,0.999996,0.000000,-2.722174,1.767837,-13.795324,1.000000;;,
   2080;16;0.999997,-0.002434,0.000004,0.000000,0.002434,0.999992,-0.003231,0.000000,0.000004,0.003231,0.999995,0.000000,-2.724027,1.764583,-13.792866,1.000000;;,
   2240;16;0.999996,-0.002721,0.000005,0.000000,0.002721,0.999990,-0.003611,0.000000,0.000005,0.003611,0.999994,0.000000,-2.725962,1.761184,-13.790298,1.000000;;,
   2400;16;0.999995,-0.003006,0.000006,0.000000,0.003006,0.999988,-0.003990,0.000000,0.000006,0.003990,0.999992,0.000000,-2.727969,1.757659,-13.787634,1.000000;;,
   2560;16;0.999995,-0.003287,0.000007,0.000000,0.003287,0.999985,-0.004362,0.000000,0.000007,0.004362,0.999990,0.000000,-2.730038,1.754023,-13.784888,1.000000;;,
   2720;16;0.999994,-0.003560,0.000008,0.000000,0.003560,0.999982,-0.004724,0.000000,0.000008,0.004724,0.999989,0.000000,-2.732160,1.750296,-13.782072,1.000000;;,
   2880;16;0.999993,-0.003822,0.000010,0.000000,0.003822,0.999980,-0.005072,0.000000,0.000010,0.005072,0.999987,0.000000,-2.734325,1.746493,-13.779199,1.000000;;,
   3040;16;0.999992,-0.004071,0.000011,0.000000,0.004071,0.999977,-0.005402,0.000000,0.000011,0.005402,0.999985,0.000000,-2.736523,1.742633,-13.776282,1.000000;;,
   3200;16;0.999991,-0.004302,0.000012,0.000000,0.004302,0.999974,-0.005709,0.000000,0.000012,0.005709,0.999984,0.000000,-2.738744,1.738732,-13.773335,1.000000;;,
   3360;16;0.999990,-0.004513,0.000014,0.000000,0.004513,0.999972,-0.005989,0.000000,0.000014,0.005989,0.999982,0.000000,-2.740978,1.734807,-13.770370,1.000000;;,
   3520;16;0.999989,-0.004700,0.000015,0.000000,0.004700,0.999969,-0.006238,0.000000,0.000015,0.006238,0.999981,0.000000,-2.743216,1.730876,-13.767400,1.000000;;,
   3680;16;0.999988,-0.004862,0.000016,0.000000,0.004862,0.999968,-0.006452,0.000000,0.000016,0.006452,0.999979,0.000000,-2.745447,1.726956,-13.764439,1.000000;;,
   3840;16;0.999988,-0.004993,0.000017,0.000000,0.004993,0.999966,-0.006626,0.000000,0.000017,0.006626,0.999978,0.000000,-2.747662,1.723065,-13.761498,1.000000;;,
   4000;16;0.999987,-0.005092,0.000017,0.000000,0.005092,0.999964,-0.006757,0.000000,0.000017,0.006757,0.999977,0.000000,-2.749852,1.719219,-13.758593,1.000000;;,
   4160;16;0.999987,-0.005155,0.000018,0.000000,0.005155,0.999963,-0.006841,0.000000,0.000018,0.006841,0.999977,0.000000,-2.752006,1.715436,-13.755734,1.000000;;,
   4320;16;0.999987,-0.005179,0.000018,0.000000,0.005179,0.999963,-0.006873,0.000000,0.000018,0.006873,0.999976,0.000000,-2.754114,1.711733,-13.752937,1.000000;;,
   4480;16;0.999987,-0.005161,0.000018,0.000000,0.005161,0.999963,-0.006849,0.000000,0.000018,0.006849,0.999977,0.000000,-2.756167,1.708127,-13.750213,1.000000;;,
   4640;16;0.999987,-0.005098,0.000017,0.000000,0.005098,0.999964,-0.006765,0.000000,0.000017,0.006765,0.999977,0.000000,-2.758154,1.704635,-13.747575,1.000000;;,
   4800;16;0.999988,-0.004986,0.000016,0.000000,0.004986,0.999966,-0.006617,0.000000,0.000016,0.006617,0.999978,0.000000,-2.760067,1.701275,-13.745036,1.000000;;,
   4960;16;0.999988,-0.004823,0.000015,0.000000,0.004823,0.999968,-0.006400,0.000000,0.000015,0.006400,0.999979,0.000000,-2.761895,1.698064,-13.742610,1.000000;;,
   5120;16;0.999989,-0.004605,0.000014,0.000000,0.004605,0.999971,-0.006111,0.000000,0.000014,0.006111,0.999981,0.000000,-2.763628,1.695019,-13.740310,1.000000;;,
   5280;16;0.999991,-0.004330,0.000012,0.000000,0.004330,0.999974,-0.005746,0.000000,0.000012,0.005746,0.999983,0.000000,-2.765257,1.692158,-13.738149,1.000000;;,
   5440;16;0.999992,-0.003993,0.000011,0.000000,0.003993,0.999978,-0.005299,0.000000,0.000011,0.005299,0.999986,0.000000,-2.766772,1.689497,-13.736138,1.000000;;,
   5600;16;0.999994,-0.003593,0.000009,0.000000,0.003593,0.999982,-0.004768,0.000000,0.000009,0.004768,0.999989,0.000000,-2.768163,1.687054,-13.734292,1.000000;;,
   5760;16;0.999995,-0.003125,0.000006,0.000000,0.003125,0.999987,-0.004148,0.000000,0.000006,0.004148,0.999991,0.000000,-2.769420,1.684847,-13.732624,1.000000;;,
   5920;16;0.999997,-0.002588,0.000004,0.000000,0.002588,0.999991,-0.003434,0.000000,0.000004,0.003434,0.999994,0.000000,-2.770533,1.682891,-13.731147,1.000000;;,
   6080;16;0.999998,-0.001977,0.000003,0.000000,0.001977,0.999995,-0.002623,0.000000,0.000003,0.002623,0.999996,0.000000,-2.771493,1.681205,-13.729874,1.000000;;,
   6240;16;0.999999,-0.001289,0.000001,0.000000,0.001289,0.999998,-0.001710,0.000000,0.000001,0.001710,0.999999,0.000000,-2.772289,1.679806,-13.728817,1.000000;;,
   6400;16;1.000000,-0.000521,0.000000,0.000000,0.000521,1.000000,-0.000692,0.000000,0.000000,0.000692,1.000000,0.000000,-2.772913,1.678711,-13.727989,1.000000;;,
   6560;16;0.999994,0.003521,0.000008,0.000000,-0.003521,0.999983,0.004672,0.000000,0.000008,-0.004672,0.999989,0.000000,-2.773353,1.677938,-13.727405,1.000000;;,
   6720;16;0.999610,0.027927,0.000518,0.000000,-0.027927,0.998923,0.037060,0.000000,0.000518,-0.037060,0.999313,0.000000,-2.773601,1.677503,-13.727076,1.000000;;,
   6880;16;0.999395,0.034779,0.000803,0.000000,-0.034779,0.998329,0.046153,0.000000,0.000803,-0.046153,0.998934,0.000000,-2.771272,1.681425,-13.730166,1.000000;;,
   7040;16;0.999868,0.016261,0.000175,0.000000,-0.016261,0.999635,0.021580,0.000000,0.000175,-0.021580,0.999767,0.000000,-2.735439,1.741852,-13.777721,1.000000;;,
   7200;16;0.999975,-0.007105,0.000034,0.000000,0.007105,0.999930,-0.009429,0.000000,0.000034,0.009429,0.999956,0.000000,-2.688074,1.821727,-13.840583,1.000000;;,
   7360;16;0.999837,-0.018035,0.000216,0.000000,0.018035,0.999551,-0.023933,0.000000,0.000216,0.023933,0.999714,0.000000,-2.669872,1.852511,-13.864739,1.000000;;,
   7520;16;0.999951,-0.009887,0.000065,0.000000,0.009887,0.999865,-0.013121,0.000000,0.000065,0.013121,0.999914,0.000000,-2.690675,1.821106,-13.837133,1.000000;;,
   7680;16;0.999983,0.005876,0.000023,0.000000,-0.005876,0.999952,0.007798,0.000000,0.000023,-0.007798,0.999970,0.000000,-2.722479,1.773098,-13.794930,1.000000;;,
   7840;16;0.999865,0.016414,0.000179,0.000000,-0.016414,0.999628,0.021782,0.000000,0.000179,-0.021782,0.999763,0.000000,-2.738146,1.749462,-13.774140,1.000000;;,
   8000;16;1.000000,0.000000,-0.000000,0.000000,-0.000000,1.000000,-0.000000,0.000000,-0.000000,0.000000,1.000000,0.000000,-2.708028,1.799888,-13.814102,1.000000;;,
   8160;16;1.000000,-0.000941,0.000001,0.000000,0.000941,0.999999,-0.001249,0.000000,0.000001,0.001249,0.999999,0.000000,-2.708125,1.799648,-13.813973,1.000000;;,
   8320;16;1.000000,-0.000316,0.000000,0.000000,0.000316,1.000000,-0.000419,0.000000,0.000000,0.000419,1.000000,0.000000,-2.708376,1.798954,-13.813640,1.000000;;,
   8480;16;0.999999,0.001157,0.000001,0.000000,-0.001157,0.999998,0.001536,0.000000,0.000001,-0.001536,0.999999,0.000000,-2.708723,1.797848,-13.813178,1.000000;;,
   8640;16;0.999996,0.002757,0.000005,0.000000,-0.002757,0.999990,0.003659,0.000000,0.000005,-0.003659,0.999993,0.000000,-2.709108,1.796367,-13.812666,1.000000;;,
   8800;16;0.999993,0.003765,0.000009,0.000000,-0.003765,0.999980,0.004996,0.000000,0.000009,-0.004996,0.999988,0.000000,-2.709471,1.794554,-13.812182,1.000000;;,
   8960;16;0.999994,0.003460,0.000008,0.000000,-0.003460,0.999983,0.004591,0.000000,0.000008,-0.004591,0.999989,0.000000,-2.709756,1.792446,-13.811805,1.000000;;,
   9120;16;0.999999,0.001122,0.000001,0.000000,-0.001122,0.999998,0.001489,0.000000,0.000001,-0.001489,0.999999,0.000000,-2.709902,1.790084,-13.811610,1.000000;;,
   9280;16;0.999683,-0.016733,0.000186,0.000000,0.016731,0.999308,-0.022203,0.000000,0.000186,0.022203,0.999448,0.000000,-2.708280,1.668512,-13.813763,1.000000;;,
   9440;16;0.998055,-0.044338,0.001307,0.000000,0.044307,0.995620,-0.058797,0.000000,0.001306,0.058797,0.996605,0.000000,-2.695059,1.053072,-13.831305,1.000000;;,
   9600;16;0.997708,-0.005110,0.000017,0.000000,0.005101,0.996020,-0.006769,0.000000,0.000017,0.006769,0.996033,0.000000,-2.596980,-0.203838,-13.961457,1.000000;;,
   9760;16;0.992578,0.081970,0.004497,0.000000,-0.081727,0.983692,0.108456,0.000000,0.004484,-0.108456,0.987071,0.000000,-2.343568,-2.053181,-14.297756,1.000000;;,
   9920;16;0.986882,0.117351,0.009284,0.000000,-0.116823,0.970178,0.155030,0.000000,0.009242,-0.155030,0.977142,0.000000,-2.231259,-4.086963,-14.446799,1.000000;;,
   10080;16;0.983068,0.128963,0.011262,0.000000,-0.128161,0.962101,0.170075,0.000000,0.011192,-0.170075,0.970535,0.000000,-2.191396,-6.213749,-14.499699,1.000000;;,
   10240;16;0.980084,0.132682,0.011960,0.000000,-0.131614,0.956451,0.174657,0.000000,0.011864,-0.174657,0.965391,0.000000,-2.173607,-8.392892,-14.523305,1.000000;;,
   10400;16;0.977322,0.134464,0.012320,0.000000,-0.133131,0.951446,0.176670,0.000000,0.012198,-0.176670,0.960638,0.000000,-2.155718,-10.566837,-14.547044,1.000000;;,
   10560;16;0.974056,0.140162,0.013435,0.000000,-0.138517,0.945002,0.183818,0.000000,0.013278,-0.183818,0.955008,0.000000,-2.115554,-12.678032,-14.600342,1.000000;;,
   10720;16;0.969500,0.154719,0.016463,0.000000,-0.152637,0.934900,0.202556,0.000000,0.016242,-0.202556,0.947139,0.000000,-2.022444,-14.677349,-14.723902,1.000000;;,
   10880;16;0.964155,0.172355,0.020569,0.000000,-0.169741,0.922651,0.225254,0.000000,0.020257,-0.225254,0.937916,0.000000,-1.761774,-16.628962,-15.069822,1.000000;;,
   11040;16;0.958304,0.190473,0.025312,0.000000,-0.187253,0.909084,0.248494,0.000000,0.024884,-0.248494,0.927835,0.000000,-1.317134,-18.562290,-15.659883,1.000000;;,
   11200;16;0.951930,0.208928,0.030710,0.000000,-0.205027,0.894165,0.272081,0.000000,0.030137,-0.272081,0.916875,0.000000,-0.705918,-20.480394,-16.470995,1.000000;;,
   11360;16;0.945027,0.227577,0.036774,0.000000,-0.222919,0.877884,0.295824,0.000000,0.036021,-0.295824,0.905028,0.000000,0.054476,-22.386339,-17.480078,1.000000;;,
   11520;16;0.937594,0.246278,0.043502,0.000000,-0.240787,0.860250,0.319536,0.000000,0.042532,-0.319536,0.892300,0.000000,0.946653,-24.283182,-18.664042,1.000000;;,
   11680;16;0.929643,0.264892,0.050880,0.000000,-0.258494,0.841299,0.343034,0.000000,0.049651,-0.343034,0.878714,0.000000,1.953217,-26.173986,-19.999802,1.000000;;,
   11840;16;0.921190,0.283288,0.058884,0.000000,-0.275909,0.821091,0.366144,0.000000,0.057350,-0.366144,0.864307,0.000000,3.056771,-28.061811,-21.464273,1.000000;;,
   12000;16;0.912264,0.301336,0.067476,0.000000,-0.292907,0.799709,0.388702,0.000000,0.065588,-0.388702,0.849133,0.000000,4.239919,-29.949718,-23.034369,1.000000;;,
   12160;16;0.902900,0.318918,0.076607,0.000000,-0.309373,0.777258,0.410552,0.000000,0.074315,-0.410552,0.833258,0.000000,5.485265,-31.840769,-24.687006,1.000000;;,
   12320;16;0.893143,0.335923,0.086220,0.000000,-0.325199,0.753865,0.431555,0.000000,0.083467,-0.431555,0.816762,0.000000,6.775414,-33.738022,-26.399096,1.000000;;,
   12480;16;0.883045,0.352253,0.096244,0.000000,-0.340292,0.729679,0.451584,0.000000,0.092976,-0.451584,0.799741,0.000000,8.092968,-35.644543,-28.147554,1.000000;;,
   12640;16;0.872663,0.367816,0.106600,0.000000,-0.354567,0.704862,0.470527,0.000000,0.102760,-0.470527,0.782297,0.000000,9.420533,-37.563393,-29.909294,1.000000;;,
   12800;16;0.862064,0.382538,0.117202,0.000000,-0.367953,0.679595,0.488291,0.000000,0.112733,-0.488291,0.764546,0.000000,10.740711,-39.497627,-31.661232,1.000000;;,
   12960;16;0.851317,0.396352,0.127956,0.000000,-0.380392,0.654070,0.504797,0.000000,0.122803,-0.504797,0.746609,0.000000,12.036107,-41.450310,-33.380283,1.000000;;,
   13120;16;0.840497,0.409209,0.138762,0.000000,-0.391837,0.628490,0.519986,0.000000,0.132872,-0.519986,0.728616,0.000000,13.289325,-43.424503,-35.043358,1.000000;;,
   13280;16;0.829621,0.421160,0.149599,0.000000,-0.402346,0.602903,0.533932,0.000000,0.142916,-0.533932,0.710598,0.000000,14.538415,-45.452934,-36.700951,1.000000;;,
   13440;16;0.818571,0.432445,0.160625,0.000000,-0.412149,0.577000,0.546941,0.000000,0.153086,-0.546941,0.692358,0.000000,15.916005,-47.608307,-38.529072,1.000000;;,
